8.62 -0.92 9.44
8.82 0.37 9.37
8.43 -3.08 8.98
8.12 0.91 8.92
8.57 2.75 9.06
8.74 3.04 9.22
8.8 3.01 9.37
9.53 -0.13 9.34
9.23 -2.98 9.05
9.21 2.91 9.27
9.5 2.09 9.42
9.32 2.83 9.59
9.81 8.07 10.22
10.11 5.23 10.57
10.93 0.97 10.65
11.05 2.59 10.87
11.15 0.85 10.93
11.12 0.93 10.99
11.3 1.01 11.07
11.07 -0.24 11.01
11.1 1.36 11.09
11.32 -1.53 10.97
11.01 1.69 11.07
11.3 6.44 11.57
12.15 15.53 12.82
13.16 23.33 14.66
13.69 2.78 14.7
15.27 -39.82 11.6
11.53 -129.15 1.44
3.32 -133.88 -8.8
-8.05 -123.84 -18.33
-18.07 -81.54 -24.56
-41.83 -15.96 -27.88
-23.65 156.66 -14.96
-4.98 243.29 5.44
13.97 210.57 23.05
24.88 60.62 27.98
31.71 -33.71 25.76
22.63 -179.67 11.23
-5.86 -229.69 -8.96
-26.4 79.95 -4.9
-0.24 79.55 1.86
2.49 24.04 3.75
7.14 -11.38 3.2
2.94 -30.83 0.69
1.24 -9.48 -0.04
4.31 -6.03 -0.0
2.12 11.89 1.17
0.94 6.39 1.62
1.34 1.91 1.71
2.93 3.92 2.14
2.63 -2.58 1.98
2.07 -4.0 1.65
2.54 0.56 1.79
2.6 -0.25 1.86
2.55 3.43 2.21
2.65 6.67 2.77
3.65 4.02 3.19
4.57 10.29 4.17
5.37 24.27 6.22
7.7 34.93 9.14
10.03 38.71 12.27
13.49 34.9 15.13
16.19 33.85 17.88
18.3 38.06 20.87
21.98 33.94 23.62
25.33 34.1 26.44
27.25 22.64 28.25
29.52 18.37 29.77
30.33 15.11 30.95
32.46 11.99 32.0
32.51 25.28 33.97
34.72 26.44 36.05
36.58 36.42 38.88
40.74 25.52 41.01
42.94 9.83 41.93
43.16 -1.01 41.9
42.75 -6.54 41.41
42.69 -9.32 40.75
41.49 -13.8 39.68
40.5 -15.1 38.54
37.74 -18.51 36.92
37.08 -20.74 35.26
34.61 -28.76 32.87
31.73 -32.16 30.17
29.6 -38.67 27.03
25.61 -49.93 22.92
21.36 -50.29 18.77
18.05 -41.98 15.39
14.57 -17.6 13.93
12.38 -4.66 13.39
12.77 -14.1 12.23
12.62 -11.78 11.38
10.25 -18.75 9.79
8.03 -16.14 8.33
8.57 8.66 9.07
11.24 7.98 10.0
10.94 -5.2 9.75
0.92 4.48 9.0
3.86 -4.26 8.0
13.21 0.56 8.7
18.44 11.48 10.86
9.66 11.89 11.67
4.07 -5.0 10.33
1.73 -17.56 7.84
5.04 -23.82 5.58
11.34 -22.35 4.54
12.26 2.09 5.69
2.58 6.66 5.85
-2.21 2.13 4.99
-6.82 1.55 3.56
-2.28 -3.12 2.49
14.85 1.55 4.11
16.91 2.09 5.88
-0.76 -0.15 5.03
-10.89 -7.91 2.33
-13.9 -6.72 -0.37
5.62 -5.63 -0.19
20.8 1.6 2.52
4.27 -4.94 2.33
-10.54 -3.16 0.4
-5.41 -4.59 -0.78
13.8 1.9 1.15
10.65 3.86 2.64
0.89 -1.08 2.34
-14.42 -7.87 -0.45
-8.05 -3.85 -1.8
14.3 -2.46 -0.02
15.31 5.95 2.39
-3.14 1.68 1.84
-17.16 -1.66 -0.73
-7.85 -3.53 -2.0
17.11 -2.98 0.12
16.31 3.56 2.47
6.8 5.0 3.47
-13.1 -2.98 1.17
-19.2 -4.33 -1.8
1.36 -4.76 -1.86
20.84 3.76 1.29
11.84 7.26 3.24
-10.32 4.34 1.9
-17.04 -4.13 -0.87
-20.91 -4.46 -3.88
2.16 -7.32 -3.84
20.23 -0.63 -0.91
12.6 5.29 1.22
-8.53 -0.28 -0.03
-22.17 -2.62 -3.1
-7.49 -3.4 -4.04
17.71 -0.49 -1.4
17.15 8.21 1.61
-2.53 3.3 1.38
-11.9 -0.64 -0.35
-21.71 -2.11 -3.3
-1.32 -2.46 -3.36
20.62 6.71 0.15
11.37 5.8 2.04
-6.98 0.96 0.99
-19.81 -2.73 -1.9
-6.87 -0.87 -2.7
17.96 -0.34 -0.18
14.71 3.19 1.97
6.18 3.21 2.81
-11.11 -0.78 1.01
-15.14 -3.7 -1.36
8.62 0.37 -0.11
19.56 1.85 2.54
2.4 3.75 2.88
-15.61 -3.19 0.3
-17.81 -3.07 -2.3
11.78 -1.13 -0.67
22.44 5.22 2.68
15.37 4.99 4.77
-8.04 0.02 3.23
-20.49 -6.04 -0.25
-6.08 -1.46 -1.16
21.36 -0.94 1.61
16.43 7.45 4.13
-7.12 1.3 2.88
-14.59 -3.48 0.39
-20.68 -3.89 -2.67
8.86 -1.41 -1.41
24.21 5.39 2.24
6.75 2.31 3.04
-13.48 -4.67 0.6
-18.16 -4.03 -2.15
13.9 0.11 -0.16
17.69 3.01 2.35
6.16 -0.86 2.83
-14.62 -7.39 0.07
-19.42 -0.46 -2.49
8.93 5.08 -0.7
25.12 0.71 2.64
6.99 1.91 3.43
-15.36 -2.11 0.93
-21.34 -3.03 -2.17
-6.75 -2.74 -3.07
20.36 1.4 -0.04
16.12 3.17 2.29
-4.98 1.21 1.51
-18.57 -4.66 -1.41
-10.78 10.19 -1.87
14.1 -5.45 -0.34
10.17 -1.43 0.88
-3.9 -6.45 -0.22
-12.57 -5.88 -2.27
2.98 0.71 -1.59
8.31 1.27 -0.24
3.23 -3.14 -0.02
-0.81 -4.9 -0.47
-1.09 -5.62 -0.96
0.13 -3.72 -1.08
-8.45 -49.74 -5.89
-15.36 -25.54 -9.09
-7.56 41.98 -5.61
8.65 180.97 10.4
12.61 79.83 16.91
9.82 -110.71 7.27
2.03 -199.5 -9.08
-11.38 43.27 -5.96
5.45 190.22 10.42
6.95 61.16 14.73
7.03 -141.16 2.6
3.74 -185.28 -11.82
-9.59 46.97 -7.82
-5.05 164.34 5.44
4.98 81.23 11.72
7.53 -81.19 4.75
4.44 -143.64 -6.6
-1.99 -42.02 -9.3
-1.59 133.19 2.18
5.75 82.18 9.1
7.52 -34.0 6.24
4.71 -102.84 -2.01
2.87 -35.38 -4.11
1.74 54.18 0.98
3.84 77.16 7.48
8.19 45.15 11.17
9.57 -4.23 10.69
9.03 -18.01 9.11
5.7 -15.86 7.47
3.64 -13.46 5.96
4.96 -4.33 5.51
4.82 -6.16 4.96
4.45 -11.99 3.98
3.57 -0.47 3.91
5.02 -1.53 3.96
5.9 -2.97 4.0
7.49 2.24 4.66
7.69 -1.4 5.0
6.02 -4.9 4.81
6.92 -1.64 5.02
5.99 -9.53 4.48
7.15 -7.71 4.31
8.0 13.28 5.93
10.16 27.08 8.71
10.52 44.39 12.54
13.49 53.7 16.98
16.26 50.62 20.95
21.43 47.24 24.78
25.55 51.22 28.95
27.86 41.96 32.13
29.34 32.46 34.33
32.87 16.64 35.43
34.7 15.38 36.52
36.16 16.17 37.7
38.11 15.91 38.96
40.51 19.2 40.62
40.22 16.58 41.82
42.14 16.65 43.11
44.13 20.21 44.77
44.95 17.09 46.07
47.47 21.49 47.87
48.8 16.22 49.19
49.96 13.41 50.27
51.54 14.82 51.52
52.53 13.67 52.65
54.24 15.9 54.03
54.93 16.68 55.38
56.08 12.34 56.36
57.43 12.21 57.38
58.73 10.37 58.29
60.13 9.41 59.19
60.84 13.83 60.42
61.7 14.57 61.66
62.33 11.99 62.62
63.12 12.39 63.59
64.15 12.37 64.56
65.3 12.48 65.56
65.39 6.58 65.98
66.45 2.43 66.15
65.7 -4.67 65.65
65.44 -13.92 64.46
64.1 -19.42 62.82
62.86 -24.22 60.86
60.53 -27.67 58.6
59.11 -29.0 56.35
55.96 -27.23 54.13
53.82 -26.98 51.95
51.23 -26.03 49.81
49.24 -29.72 47.4
46.25 -31.11 44.82
42.22 -33.56 41.86
39.99 -31.52 39.16
36.58 -39.6 35.74
33.24 -40.04 32.3
29.28 -40.27 28.78
26.11 -43.74 25.04
22.69 -30.18 22.4
19.84 -29.62 19.79
17.37 -32.81 16.94
13.98 -28.66 14.35
12.15 -32.68 11.54
8.8 -31.17 8.78
7.81 -24.86 6.74
5.77 -22.8 4.88
2.62 -28.18 2.43
0.49 -28.72 -0.03
-1.94 -23.64 -2.07
-4.37 -35.83 -5.12
-7.61 -31.49 -7.86
-9.55 -21.02 -9.66
-11.91 -29.44 -12.2
-14.49 -22.83 -14.23
-16.07 -20.51 -16.01
-18.08 -25.45 -18.22
-20.99 -21.54 -20.2
-23.97 -27.86 -22.82
-25.21 -23.33 -24.91
-30.47 -19.95 -27.14
-31.42 -20.57 -29.27
-32.35 -12.72 -30.65
-33.23 -15.72 -32.2
-35.71 -14.98 -33.82
-36.6 -6.05 -34.66
-36.5 -19.87 -36.46
-39.87 -13.3 -37.96
-40.29 -11.67 -39.2
-41.09 -11.73 -40.39
-43.24 -4.94 -41.17
-43.69 0.92 -41.47
-43.05 6.33 -41.23
-42.29 6.55 -40.91
-42.03 13.16 -40.09
-39.91 19.72 -38.6
-37.96 21.07 -36.95
-34.74 21.87 -35.04
-33.2 22.99 -33.09
-31.43 26.72 -30.87
-27.45 47.1 -26.83
-22.13 59.21 -21.67
-15.38 69.98 -15.47
-9.52 72.59 -9.11
-2.19 61.84 -3.47
2.6 60.84 1.99
5.35 49.42 6.21
9.21 51.8 10.56
12.89 42.26 14.07
15.39 9.7 14.9
15.91 0.37 14.95
13.47 -30.01 12.31
11.11 -69.7 6.6
6.47 -78.83 0.33
-1.89 -83.11 -6.51
-7.57 -51.97 -10.74
-11.07 -37.61 -13.73
-15.65 -35.42 -16.74
-18.68 -25.9 -19.0
-21.29 -23.55 -21.12
-23.04 -27.59 -23.51
-26.55 -22.19 -25.62
-28.5 -25.21 -27.95
-31.14 -11.26 -29.23
-31.06 -3.58 -29.75
-32.49 -0.48 -30.14
-33.43 32.86 -28.0
-28.34 62.65 -23.18
-21.54 72.01 -17.39
-9.89 83.35 -9.97
-6.21 75.47 -3.66
-0.97 68.18 1.93
5.39 68.78 7.65
13.56 68.15 13.63
17.39 62.11 18.86
20.35 45.67 22.5
21.74 15.64 23.48
23.86 -10.46 22.56
21.16 -32.13 19.71
18.6 -73.17 13.69
13.69 -75.99 7.62
6.67 -69.78 1.94
0.98 -66.41 -3.45
-4.82 -50.74 -7.64
-9.3 -40.89 -11.08
-11.55 -30.39 -13.54
-14.7 -26.04 -15.74
-17.83 -25.46 -18.0
-20.47 -19.04 -19.81
-21.78 -4.32 -20.41
-21.55 3.11 -20.32
-21.61 7.69 -19.9
-18.86 17.27 -18.44
-19.1 14.72 -17.4
-18.61 12.51 -16.61
-15.7 14.6 -15.39
-15.22 22.1 -13.68
-10.43 21.58 -11.63
-9.7 15.65 -10.2
-8.92 19.72 -8.53
-6.83 14.57 -7.22
-6.4 9.7 -6.4
-5.72 8.0 -5.73
-4.12 5.86 -5.11
-3.2 1.1 -4.82
-5.03 2.37 -4.69
-3.4 3.06 -4.32
-3.54 -0.63 -4.3
-3.49 1.65 -4.09
-2.09 3.49 -3.58
-2.49 -2.13 -3.62
-3.88 -0.18 -3.68
-4.46 1.78 -3.65
-3.25 -2.24 -3.79
-4.87 0.39 -3.91
-4.73 4.06 -3.72
-3.99 -1.17 -3.87
-3.7 0.63 -3.82
-3.74 3.25 -3.58
-2.87 -1.67 -3.64
-2.44 -1.26 -3.6
-3.07 1.3 -3.44
-3.32 -1.43 -3.55
-2.83 -2.95 -3.7
-4.63 1.13 -3.74
-3.83 0.03 -3.76
-3.97 -1.74 -3.93
-3.7 1.55 -3.79
-3.19 1.75 -3.59
-3.37 -1.0 -3.65
-4.23 0.34 -3.7
-4.37 0.4 -3.77
-3.33 -0.78 -3.78
-3.89 1.43 -3.7
-3.27 1.14 -3.56
-4.1 -1.82 -3.78
-2.93 1.62 -3.56
-2.86 1.58 -3.35
-3.68 -1.89 -3.55
-3.87 0.37 -3.57
-3.56 1.33 -3.47
-4.0 -0.94 -3.62
-4.08 1.24 -3.59
-2.47 2.11 -3.3
-2.06 -0.75 -3.2
-2.43 1.52 -2.99
-3.18 2.13 -2.85
-3.04 -1.12 -2.96
-3.08 0.79 -2.92
-5.56 1.57 -3.14
-4.24 2.1 -3.13
-2.22 1.15 -2.94
-1.69 3.04 -2.56
-1.55 2.58 -2.24
-2.29 2.82 -2.04
-2.98 1.66 -2.04
-1.34 -0.59 -2.01
-1.68 -3.03 -2.22
-2.16 3.72 -1.93
-2.64 -0.8 -2.09
-1.67 -1.78 -2.19
-2.19 8.77 -1.51
-1.92 2.52 -1.38
-1.26 -3.19 -1.63
-0.71 4.74 -1.16
-2.62 9.58 -0.61
-0.83 -1.1 -0.74
1.05 5.91 -0.07
0.47 10.15 0.78
0.39 1.4 0.82
1.4 0.34 0.9
1.35 4.44 1.29
0.79 5.36 1.62
1.11 4.39 1.88
1.72 2.75 2.05
2.29 -0.09 2.04
1.59 -0.27 1.94
2.2 0.99 2.02
2.21 -1.0 1.94
2.76 -0.81 1.96
2.27 0.43 2.01
1.42 -0.66 1.86
2.43 -0.4 1.88
1.87 0.8 1.92
2.17 -0.33 1.91
1.79 -2.81 1.65
2.24 0.85 1.78
1.64 1.47 1.86
1.47 -2.03 1.63
1.67 0.91 1.69
1.67 1.1 1.76
1.45 -0.05 1.69
2.64 1.13 1.89
1.62 2.39 2.02
2.19 1.72 2.16
1.96 -0.75 2.06
